



























































['1', '6', 'abiding_more', '-5(0) -4(0) -3(0) -2(0) -1(0) 1(0) 2(0) 3(0) 4(6) 5(0)']
['1', '7', 'abdominal_that', '-5(0) -4(6) -3(0) -2(0) -1(1) 1(0) 2(0) 3(0) 4(0) 5(0)']
['14', '1', 'abdominal_attractive', '-5(0) -4(0) -3(0) -2(0) -1(0) 1(0) 2(0) 3(1) 4(0) 5(0)']
['14', '1', 'abdominal_audibly', '-5(0) -4(1) -3(0) -2(0) -1(0) 1(0) 2(0) 3(0) 4(0) 5(0)']
['14', '1', 'abdominal_belief', '-5(0) -4(0) -3(0) -2(1) -1(0) 1(0) 2(0) 3(0) 4(0) 5(0)']
['14', '1', 'abdominal_bowel', '-5(0) -4(0) -3(0) -2(0) -1(0) 1(0) 2(0) 3(0) 4(0) 5(1)']
['14', '1', 'abdominal_buttock', '-5(0) -4(0) -3(0) -2(0) -1(0) 1(0) 2(0) 3(1) 4(0) 5(0)']
['14', '1', 'abdominal_cavity', '-5(0) -4(0) -3(0) -2(0) -1(0) 1(1) 2(0) 3(0) 4(0) 5(0)']
['14', '1', 'abdominal_cell', '-5(1) -4(0) -3(0) -2(0) -1(0) 1(0) 2(0) 3(0) 4(0) 5(0)']
['14', '1', 'abdominal_contain', '-5(0) -4(0) -3(0) -2(0) -1(0) 1(0) 2(1) 3(0) 4(0) 5(0)']
['14', '1', 'abdominal_corpulent', '-5(0) -4(0) -3(0) -2(0) -1(1) 1(0) 2(0) 3(0) 4(0) 5(0)']
['14', '1', 'abdominal_decent', '-5(0) -4(0) -3(0) -2(0) -1(1) 1(0) 2(0) 3(0) 4(0) 5(0)']
['14', '1', 'abdominal_five', '-5(0) -4(0) -3(0) -2(0) -1(0) 1(0) 2(0) 3(0) 4(1) 5(0)']
['14', '1', 'abdominal_heart', '-5(1) -4(0) -3(0) -2(0) -1(0) 1(0) 2(0) 3(0) 4(0) 5(0)']
['14', '1', 'abdominal_his', '-5(0) -4(0) -3(0) -2(1) -1(0) 1(0) 2(0) 3(0) 4(0) 5(0)']
['14', '1', 'abdominal_improve', '-5(0) -4(0) -3(0) -2(0) -1(0) 1(0) 2(0) 3(0) 4(1) 5(0)']
['2', '5', 'abdominal_you', '-5(0) -4(0) -3(5) -2(0) -1(0) 1(0) 2(0) 3(0) 4(0) 5(0)']
['5', '3', 'abdominal_your', '-5(0) -4(0) -3(0) -2(0) -1(1) 1(0) 2(1) 3(0) 4(0) 5(1)']
['6', '1', 'abiding_an', '-5(0) -4(0) -3(0) -2(0) -1(1) 1(0) 2(0) 3(0) 4(0) 5(0)']
['6', '1', 'abiding_building', '-5(1) -4(0) -3(0) -2(0) -1(0) 1(0) 2(0) 3(0) 4(0) 5(0)']
['6', '1', 'abiding_by', '-5(0) -4(0) -3(0) -2(0) -1(0) 1(1) 2(0) 3(0) 4(0) 5(0)']
['6', '1', 'abiding_electricity', '-5(0) -4(0) -3(0) -2(0) -1(0) 1(0) 2(0) 3(0) 4(0) 5(1)']
anser 0.142857 
anser 0.333333 
anser 0.500000 
anser 0.666667 
anser 0.666667 
anser 1.166667 
anser 1.500000 
anser 10.000000 
anser 100.166667 
anser 1371.428571 
anser 160.000000 
anser 178.357143 
anser 1790.285714 
anser 2234.285714 
anser 252.857143 
anser 267.785714 
anser 3.000000 
anser 3164.571429 
anser 3164.571429 
anser 33.166667 
anser 4.333333 
anser 4.500000 
anser 4.800000 
anser 5.285714 
anser 53.000000 
anser 6.500000 
anser 7.428571 
anser 79.642857 
anser 83.571429 
anser 88.214286 
ori 1, d2_dict 10
ori 1, d2_dict 53
ori 14, d2_dict 104
ori 14, d2_dict 1115
ori 14, d2_dict 1170
ori 14, d2_dict 1235
ori 14, d2_dict 19200
ori 14, d2_dict 2
ori 14, d2_dict 2240
ori 14, d2_dict 2497
ori 14, d2_dict 25064
ori 14, d2_dict 31280
ori 14, d2_dict 3540
ori 14, d2_dict 3749
ori 14, d2_dict 44304
ori 14, d2_dict 44304
ori 14, d2_dict 74
ori 2, d2_dict 1
ori 2, d2_dict 13
ori 3, d2_dict 1
ori 3, d2_dict 2
ori 3, d2_dict 9
ori 5, d2_dict 24
ori 6, d2_dict 199
ori 6, d2_dict 26
ori 6, d2_dict 27
ori 6, d2_dict 4
ori 6, d2_dict 601
ori 6, d2_dict 7
ori 6, d2_dict 9
