3164.57142857
3164.57142857
3164	abdominal_cavity	-5(0) -4(0) -3(0) -2(0) -1(0) 1(1) 2(0) 3(0) 4(0) 5(0)
3164	abdominal_bowel	-5(0) -4(0) -3(0) -2(0) -1(0) 1(0) 2(0) 3(0) 4(0) 5(1)
2234.28571429
2234	abdominal_buttock	-5(0) -4(0) -3(0) -2(0) -1(0) 1(0) 2(0) 3(1) 4(0) 5(0)
1790.28571429
1790	abdominal_corpulent	-5(0) -4(0) -3(0) -2(0) -1(1) 1(0) 2(0) 3(0) 4(0) 5(0)
1371.42857143
1371	abdominal_audibly	-5(0) -4(1) -3(0) -2(0) -1(0) 1(0) 2(0) 3(0) 4(0) 5(0)
267.785714286
267	abdominal_decent	-5(0) -4(0) -3(0) -2(0) -1(1) 1(0) 2(0) 3(0) 4(0) 5(0)
252.857142857
252	abdominal_belief	-5(0) -4(0) -3(0) -2(1) -1(0) 1(0) 2(0) 3(0) 4(0) 5(0)
178.357142857
178	abdominal_attractive	-5(0) -4(0) -3(0) -2(0) -1(0) 1(0) 2(0) 3(1) 4(0) 5(0)
160.0
160	abdominal_heart	-5(1) -4(0) -3(0) -2(0) -1(0) 1(0) 2(0) 3(0) 4(0) 5(0)
100.166666667
100	abiding_building	-5(1) -4(0) -3(0) -2(0) -1(0) 1(0) 2(0) 3(0) 4(0) 5(0)
88.2142857143
88	abdominal_cell	-5(1) -4(0) -3(0) -2(0) -1(0) 1(0) 2(0) 3(0) 4(0) 5(0)
83.5714285714
83	abdominal_five	-5(0) -4(0) -3(0) -2(0) -1(0) 1(0) 2(0) 3(0) 4(1) 5(0)
79.6428571429
79	abdominal_improve	-5(0) -4(0) -3(0) -2(0) -1(0) 1(0) 2(0) 3(0) 4(1) 5(0)
53.0
53	abiding_more	-5(0) -4(0) -3(0) -2(0) -1(0) 1(0) 2(0) 3(0) 4(6) 5(0)
33.1666666667
33	abiding_electricity	-5(0) -4(0) -3(0) -2(0) -1(0) 1(0) 2(0) 3(0) 4(0) 5(1)
10.0
10	abdominal_that	-5(0) -4(6) -3(0) -2(0) -1(1) 1(0) 2(0) 3(0) 4(0) 5(0)
7.42857142857
7	abdominal_his	-5(0) -4(0) -3(0) -2(1) -1(0) 1(0) 2(0) 3(0) 4(0) 5(0)
6.5
6	abdominal_you	-5(0) -4(0) -3(5) -2(0) -1(0) 1(0) 2(0) 3(0) 4(0) 5(0)
5.28571428571
5	abdominal_contain	-5(0) -4(0) -3(0) -2(0) -1(0) 1(0) 2(1) 3(0) 4(0) 5(0)
4.8
4.5
4.33333333333
4	abiding_by	-5(0) -4(0) -3(0) -2(0) -1(0) 1(1) 2(0) 3(0) 4(0) 5(0)
4	abiding_an	-5(0) -4(0) -3(0) -2(0) -1(1) 1(0) 2(0) 3(0) 4(0) 5(0)
4	abdominal_your	-5(0) -4(0) -3(0) -2(0) -1(1) 1(0) 2(1) 3(0) 4(0) 5(1)
3.0
1.5
1.16666666667
0.666666666667
0.666666666667
0.5
0.333333333333
0.142857142857
